01000000001000011000001000110011 
00000000001100010000000010110011
00000000001100010000001100110011  
00000000000100110000001110110011
00000000001000010000010101100011 
00000000011100110011000000100011  
00000000000000110011010000000011  
00000000011100110000010010110011
00000000100100111011000000100011  
00000000000000111011010110000011
00000000101100010011010000100011
00000000100000010011011000000011
00000000001100010111101010110011 
00000000001100010110101100110011  
00000000000000000000000000000000  
00000000000000000000000000000000  
00000000000000000000000000000000  
00000000000000000000000000000000  
00000000000000000000000000000000  
00000000000000000000000000000000  
00000000000000000000000000000000  
00000000000000000000000000000000  
00000000000000000000000000000000  
00000000000000000000000000000000  
00000000000000000000000000000000  
00000000000000000000000000000000  
00000000000000000000000000000000  
00000000000000000000000000000000  
00000000000000000000000000000000  
00000000000000000000000000000000  
00000000000000000000000000000000  
00000000000000000000000000000000  
00000000000000000000000000000000  
00000000000000000000000000000000  
00000000000000000000000000000000  
00000000000000000000000000000000  
00000000000000000000000000000000  
00000000000000000000000000000000  
00000000000000000000000000000000  
00000000000000000000000000000000  
00000000000000000000000000000000  
00000000000000000000000000000000  
00000000000000000000000000000000  
00000000000000000000000000000000  
00000000000000000000000000000000  
00000000000000000000000000000000  
00000000000000000000000000000000  
00000000000000000000000000000000  
00000000000000000000000000000000  
00000000000000000000000000000000  
00000000000000000000000000000000  
00000000000000000000000000000000  
00000000000000000000000000000000  
00000000000000000000000000000000  
00000000000000000000000000000000  
00000000000000000000000000000000  
00000000000000000000000000000000  
00000000000000000000000000000000  
00000000000000000000000000000000  
00000000000000000000000000000000  
00000000000000000000000000000000  
00000000000000000000000000000000  
00000000000000000000000000000000  
00000000000000000000000000000000  
